4294967294,173
4294967278,131
4294967278,130
4294967278,129
4294967278,128
4294967278,126
4294967278,125
4294967278,124
4294967278,123
4294967278,119
4294967278,117
4294967278,114
4294967278,113
4294967278,112
4294967278,109
4294967278,105
4294967278,103
4294967278,102
4294967278,101
4294967278,100
4294967278,98
4294967278,91
4294967278,89
4294967278,86
4294967278,85
4294967278,83
4294967278,80
4294967278,78
4294967278,76
4294967278,72
4294967278,71
4294967278,69
4294967278,115
4294967278,107
4294967278,106
4294967278,84
4294967278,77
4294967278,64
4294967278,63
4294967278,61
4294967278,328
4294967278,2
4294967279,338
4294967279,85
4294967279,78
4294967279,75
4294967279,57
4294967279,46
4294967279,40
4294967279,321
4294967279,20
4294967279,8
4294967278,225
4294967279,47
4294967278,443
460,6
460,5
460,4
460,3
460,2
460,1
4294967279,5
4294967278,429
4294967279,546
4294967278,249
4294967278,441
457,6
457,5
457,4
457,3
457,2
457,1
4294967294,396
4294967294,395
4294967294,385
4294967294,407
4294967294,178
4294967294,167
4294967294,460
4294967294,466
4294967294,175
4294967278,238
4294967279,310
4294967279,233
4294967278,232
4294967279,229
4294967279,223
4294967279,221
4294967278,220
4294967278,104
454,7
4294967278,312
4294967278,211
4294967278,326
4294967278,210
4294967279,210
4294967278,209
4294967279,209
4294967278,208
4294967279,208
454,6
454,5
454,4
454,3
454,2
454,1
4294967279,204
4294967279,200
4294967278,197
4294967278,196
4294967279,196
4294967278,195
4294967279,195
4294967278,194
4294967278,191
4294967278,219
4294967278,75
4294967278,74
4294967278,73
4294967294,1421
4294967279,72
4294967278,182
451,5
451,4
451,3
451,2
451,1
4294967278,322
4294967278,215
4294967279,172
4294967279,527
4294967278,169
4294967279,528
449,6
449,5
449,4
449,3
449,2
449,1
4294967279,524
4294967278,298
4294967279,380
4294967294,437
4294967279,378
4294967278,289
446,5
446,4
446,3
446,2
446,1
4294967278,277
444,4
444,3
444,2
444,1
4294967278,383
443,6
4294967278,382
443,5
443,4
443,3
443,2
443,1
4294967279,377
4294967294,403
4294967294,405
4294967294,113
4294967279,519
442,5
442,4
442,3
442,2
442,1
4294967278,381
4294967294,120
4294967279,376
4294967279,549
441,5
441,4
4294967278,353
441,3
441,2
441,1
4294967278,415
440,5
440,4
440,3
440,2
440,1
438,4
438,3
438,2
438,1
4294967294,468
4294967294,1
4294967279,332
4294967279,518
4294967279,517
4294967294,392
4294967294,389
4294967294,388
4294967279,362
4294967278,440
4294967278,302
4294967279,533
4294967278,336
4294967278,66
4294967279,381
4294967278,299
4294967279,62
4294967279,39
4294967279,293
4294967294,190
4294967294,161
4294967278,132
4294967278,127
4294967278,122
4294967278,121
4294967278,120
4294967278,118
4294967278,111
4294967278,110
4294967278,108
4294967278,99
4294967278,96
4294967278,94
4294967278,93
4294967278,92
4294967278,90
4294967278,82
4294967278,81
4294967278,79
4294967278,70
4294967278,68
4294967278,65
4294967278,62
4294967278,447
4294967278,384
4294967279,556
4294967279,374
4294967279,539
4294967279,81
4294967279,79
4294967279,65
4294967279,60
4294967279,55
4294967279,54
4294967279,327
4294967279,34
4294967279,33
4294967279,26
4294967279,16
4294967279,7
4294967279,6
4294967278,333
4294967279,24
4294967278,396
4294967279,23
4294967279,21
4294967279,369
4294967278,275
437,6
437,5
437,4
437,2
437,1
4294967279,514
4294967294,421
4294967278,325
4294967278,323
434,7
4294967279,516
4294967279,350
4294967294,474
4294967279,512
4294967279,0
4294967294,165
4294967294,404
4294967294,118
434,6
434,5
434,4
4294967278,244
434,2
434,1
4294967279,243
4294967278,116
4294967278,234
4294967279,225
4294967294,393
4294967294,115
4294967279,217
431,7
4294967278,97
4294967278,95
4294967279,205
431,6
431,5
431,4
431,3
431,2
431,1
4294967278,87
4294967278,372
4294967278,0
4294967279,319
4294967279,84
4294967278,371
4294967294,1001
4294967294,186
4294967294,1000
4294967294,1176
4294967279,313
4294967279,309
4294967279,335
4294967278,187
4294967278,379
4294967294,390
4294967294,114
4294967294,424
4294967294,2
4294967278,67
4294967279,67
4294967279,323
428,5
428,4
428,3
428,2
428,1
4294967278,176
4294967279,525
4294967278,369
4294967279,170
4294967278,338
4294967278,410
4294967279,346
4294967294,89
426,6
426,5
4294967278,163
426,4
426,3
426,2
426,1
4294967279,311
4294967278,402
4294967278,152
4294967294,76
4294967294,107
4294967278,150
0,7
4294967294,1095
4294967279,308
4294967294,28
4294967294,27
4294967294,38
4294967294,37
4294967294,36
4294967294,39
4294967294,0
4294967294,1002
4294967294,182
4294967278,143
4294967278,367
4294967279,360
423,5
4294967278,139
423,4
423,3
423,2
423,1
4294967278,138
4294967294,40
4294967278,135
4294967279,133
421,4
421,3
421,2
421,1
4294967279,306
4294967294,1420
4294967278,274
4294967279,305
4294967279,304
4294967278,273
420,6
4294967278,436
4294967294,91
4294967294,90
4294967294,45
4294967294,44
4294967294,87
4294967294,86
4294967294,85
420,5
4294967294,84
420,4
420,3
420,2
420,1
4294967279,259
4294967294,1175
4294967294,1017
4294967294,419
4294967294,1174
4294967294,29
4294967294,399
4294967294,187
4294967294,1016
4294967294,1173
4294967294,398
4294967294,116
4294967294,465
4294967294,400
4294967294,391
4294967294,416
4294967278,279
419,5
419,4
419,3
419,2
419,1
4294967279,318
4294967294,53
4294967294,427
418,5
418,4
418,3
418,2
418,1
4294967279,303
4294967279,249
417,5
4294967294,41
4294967294,94
4294967294,96
417,4
417,3
417,2
417,1
4294967294,9
4294967294,8
4294967294,22
4294967279,231
4294967294,6
4294967278,222
415,4
415,3
415,2
415,1
4294967294,1101
4294967279,218
4294967279,352
4294967294,51
4294967278,422
4294967279,302
4294967278,314
4294967279,301
4294967279,562
4294967279,351
4294967279,307
4294967278,359
4294967279,345
4294967279,540
4294967278,398
4294967278,358
4294967279,349
4294967279,355
4294967294,1018
4294967294,43
4294967279,344
4294967279,201
4294967278,357
4294967294,88
4294967294,436
4294967294,82
4294967294,83
4294967279,44
4294967279,41
4294967279,32
4294967279,30
4294967279,27
4294967294,75
4294967294,169
4294967294,183
4294967294,174
4294967294,18
4294967294,127
4294967294,14
4294967294,126
4294967294,20
4294967294,13
4294967294,104
4294967294,106
4294967294,166
4294967294,24
4294967294,17
4294967294,42
4294967294,99
4294967294,444
4294967294,26
4294967278,308
4294967279,336
4294967278,439
4294967279,366
4294967279,298
4294967278,356
4294967279,18
4294967279,178
4294967279,333
4294967279,267
4294967278,290
4294967279,297
4294967278,348
4294967278,428
4294967279,329
4294967278,327
4294967279,13
4294967279,9
4294967279,4
4294967278,329
4294967279,550
4294967279,370
4294967294,7
4294967294,30
0,5
4294967294,67
4294967294,1094
4294967294,1093
4294967294,1092
4294967294,1091
4294967294,1090
4294967294,1089
4294967294,1088
4294967294,1015
4294967294,1014
4294967294,1013
